50
3
0.53 0.80 0.93
0.40 0.47 0.33
10
0.46 0.09 0.34 0.25 0.55 0.26 0.62 0.51 0.24 0.63
0.82 0.67 0.79 0.99 0.71 0.84 0.66 0.88 0.89 0.83
10
0.76 0.97 0.82 0.94 0.52 0.73 0.67 0.91 0.48 0.79
0.42 0.09 0.27 0.06 0.30 0.18 0.12 0.36 0.21 0.24
10
0.17 0.82 0.22 0.59 0.38 0.36 0.16 0.97 0.45 0.20
0.66 0.68 0.46 0.12 0.92 0.14 0.30 0.25 0.18 0.61
1
0.5
0.3
10
0.478 0.783 0.078 0.278 0.913 0.600 0.643 0.426 0.957 0.635
0.948 0.530 0.113 0.835 0.878 0.470 0.748 0.704 0.487 0.791
10
0.269 0.546 0.676 0.935 0.843 0.231 0.981 0.139 0.213 0.074
0.556 0.426 0.685 0.963 0.389 0.157 0.861 0.463 0.796 0.611
10
0.42 0.72 0.91 0.26 0.05 0.12 0.47 0.22 0.04 0.84
0.01 0.66 0.11 0.71 0.87 0.74 0.21 0.95 0.38 0.58
10
0.62 0.38 0.33 0.76 0.29 0.43 0.71 0.48 0.81 0.95
0.86 0.14 0.05 0.19 0.90 0.67 0.24 0.52 0.10 0.57
1
0.64
0.91
3
0.6 0.1 0.4
0.7 0.3 0.9
10
0.829 0.368 0.197 0.308 0.333 0.068 0.632 0.188 0.940 0.436
0.761 0.530 0.444 0.128 0.137 0.897 0.043 0.650 0.752 0.675
10
0.080 0.179 0.375 0.196 0.241 0.214 0.125 0.223 0.045 0.357
0.821 0.518 0.643 0.634 0.857 0.920 0.679 0.670 0.687 0.536
10
0.18 0.29 0.04 0.40 0.27 0.24 0.38 0.01 0.30 0.02
0.69 0.90 0.99 0.53 0.43 0.44 0.85 0.59 0.95 0.54
10
0.09 0.36 0.71 0.67 0.78 0.04 0.29 0.76 0.91 0.02
0.13 0.93 0.89 0.24 0.73 0.27 0.49 0.69 0.60 0.33
10
0.868 0.623 0.255 0.330 0.047 0.934 0.491 0.528 0.462 0.085
0.311 0.142 0.594 0.792 0.547 0.057 0.783 0.179 0.811 0.406
1
0.8
0.3
10
0.80 0.32 0.46 0.24 0.12 0.88 0.98 0.02 0.20 0.85
0.44 0.03 0.08 0.59 0.49 0.29 0.22 0.14 0.05 0.39
10
0.15 0.33 0.05 0.35 0.02 0.47 0.36 0.40 0.30 0.48
0.50 0.79 0.65 0.80 0.99 0.86 0.63 0.84 0.94 0.49
10
0.22 0.59 0.62 0.49 0.78 0.11 0.84 0.86 0.05 0.51
0.16 0.41 0.19 0.65 0.73 0.27 0.97 0.46 0.57 0.81
10
0.04 0.41 0.27 0.71 0.37 0.02 0.12 0.21 0.68 0.20
0.25 0.63 0.75 0.43 0.66 0.79 0.18 0.73 0.52 0.64
9
0.62 0.78 0.74 0.02 0.17 0.45 0.66 0.94 0.58
0.52 0.08 0.75 0.31 0.42 0.15 0.20 0.40 0.22
10
0.008 0.311 0.429 0.160 0.412 0.185 0.126 0.034 0.168 0.252
0.882 0.630 0.639 0.824 0.924 0.950 0.756 0.454 0.840 0.622
6
0.27 0.65 0.76 0.14 0.29 0.69
0.88 0.94 0.84 0.75 0.31 0.92
10
0.08 0.19 0.42 0.46 0.12 0.04 0.35 0.38 0.31 0.15
0.85 0.92 0.73 0.62 0.58 0.65 0.88 0.54 0.69 0.77
10
0.71 0.15 0.35 0.18 0.87 0.38 0.74 0.03 0.29 0.28
0.25 0.56 0.67 0.49 0.53 0.22 0.90 0.10 0.33 0.01
8
0.88 0.71 0.65 0.59 0.94 0.18 0.35 0.53
0.12 0.82 0.47 0.24 0.76 0.29 0.06 0.41
3
0.44 0.88 0.12
0.75 0.56 0.38
10
0.782 0.840 0.597 0.857 0.521 0.773 0.714 0.739 0.798 0.874
0.261 0.101 0.076 0.286 0.403 0.269 0.387 0.126 0.513 0.454
10
0.07 0.34 0.20 0.15 0.36 0.38 0.22 0.44 0.29 0.39
0.54 0.84 0.63 0.90 0.92 0.59 0.51 0.69 0.46 0.83
10
0.50 0.77 0.09 0.82 0.27 0.18 0.14 0.05 0.68 0.36
0.86 0.55 0.41 0.45 0.23 0.32 0.95 0.59 0.64 0.91
3
0.4 0.2 0.1
0.3 0.7 0.8
7
0.55 0.59 0.07 0.57 0.27 0.29 0.18
0.96 0.93 0.68 0.64 0.89 0.73 0.91
10
0.11 0.08 0.40 0.29 0.21 0.47 0.12 0.10 0.14 0.42
0.79 0.92 0.48 0.90 0.70 0.84 0.65 0.52 0.74 0.96
10
0.61 0.63 0.38 0.66 0.37 0.98 0.86 0.87 0.71 0.14
0.47 0.17 0.23 0.92 0.64 0.82 0.41 0.93 0.48 0.20
1
0.3
0.5
10
0.93 0.87 0.49 0.47 0.11 0.38 0.22 0.44 0.71 0.56
0.40 0.62 0.42 0.96 0.89 0.29 0.31 0.57 0.33 0.94
5
0.20 0.43 0.85 0.40 0.48
0.80 0.05 0.90 0.38 0.73
7
0.10 0.57 0.24 0.52 0.86 0.43 0.62
0.71 0.33 0.76 0.19 0.48 0.38 0.90
10
0.96 0.54 0.71 0.87 0.92 0.67 0.79 0.58 0.75 0.83
0.25 0.33 0.29 0.17 0.12 0.42 0.50 0.21 0.04 0.46
8
0.55 0.52 0.59 0.85 0.37 0.76 0.44 0.89
0.05 0.32 0.12 0.28 0.09 0.06 0.02 0.16
3
0.4 0.1 0.6
0.8 0.9 0.2
10
0.26 0.32 0.11 0.34 0.15 0.13 0.38 0.23 0.43 0.19
0.55 0.70 0.98 0.91 0.64 0.66 0.62 0.47 0.79 0.77
1
0.2
0.4
5
0.27 0.07 0.40 0.20 0.87
0.53 0.67 0.60 0.80 0.73
10
0.48 0.14 0.20 0.91 0.73 0.11 0.68 0.52 0.32 0.30
0.89 0.98 0.05 0.27 0.02 0.50 0.93 0.57 0.18 0.61
1
0.2
0.5
10
0.46 0.04 0.25 0.93 0.71 0.68 0.79 0.29 0.61 0.14
0.39 0.36 0.96 0.07 0.75 0.86 0.50 0.43 0.11 0.57
8
0.34 0.38 0.24 0.31 0.17 0.52 0.14 0.45
0.93 0.97 0.69 0.83 0.79 0.66 0.90 0.55
10
0.52 0.86 0.62 0.97 0.42 0.43 0.85 0.48 0.89 0.88
0.22 0.02 0.37 0.15 0.12 0.18 0.25 0.32 0.05 0.26
